0.400000
0.330000
0.337000
0.289000
0.280000
0.267000
0.255000
0.239000
0.224000
0.208000
0.207000
0.185000
0.179000
0.183000
0.183000
0.181000
0.185000
0.194000
0.181000
0.177000
0.182000
0.179000
0.177000
0.182000
0.181000
0.178000
0.181000
0.181000
0.177000
0.192000
0.182000
0.183000
0.181000
0.182000
0.182000
0.179000
0.179000
0.185000
0.182000
0.178000
0.178000
0.177000
0.179000
0.178000
0.183000
0.186000
0.190000
0.182000
0.178000
0.178000
0.177000
0.200000
0.188000
0.182000
0.180000
0.183000
0.180000
0.190000
0.182000
0.178000
0.179000
0.191000
0.182000
0.189000
0.182000
0.222000
0.181000
0.187000
0.183000
0.184000
0.179000
0.184000
0.187000
0.182000
0.183000
0.191000
0.181000
0.182000
0.226000
0.185000
0.181000
0.180000
0.182000
0.182000
0.181000
0.182000
0.188000
0.177000
0.177000
0.180000
0.182000
0.179000
0.187000
0.183000
0.180000
0.193000
0.185000
0.179000
0.178000
0.187000
